M = [0   0   0   0   1   0  -1   0;
    0    0   0   0   0   1   0   1;
    -1.8 .9 .6   0   0   0   0   0;
    0    1   0   0   0  -1   0   0;
    -1   0   1   0   1   0   0   0;
    0    0   0  1.2  0   0  1.8 -.9;
    1    0   0  -1   0   0  -1   0;
    0    1   0   0   0   0   0   1];
r = [0 12 1.8 6 0 3.6 0 -6]';

a = M\r